"[78.1  7.2  1.3 32.2 11.2  0.4 46.3 14.4  7.1 16.5 44.4 65.7  0.3  1.
  1.   8.5 20.5 57.2 30.8 50.2  1.  47.   2.2 10.2  1.8  0.3 43.9 77.2
 40.4  0.   1.3 19.8  4.1  0.3 45.5 55.7  0.2 10.6 32.2  0.2 54.6  9.6
 11.2  0.5 10.9 11.1 29.   0.   4.1 18.7 12.3  0.8  1.5  9.8  3.4 59.9
  9.5 18.7  3.5  1.5 33.9 61.3  1.  22.8  1.   0.3  0.5  4.1 87.4  0.
 16.8  1.   9.8  3.1  0.9 55.9 18.3 81.8 10.8  1.1  6.1 49.2  1.   1.1
 71.1  0.2  1.5  8.4 18.6 15.2  1.   1.   1.   6.7  0.6 34.7  2.2  4.9
  0.6 63.5  1.   2.1 51.2 71.9 60.  19.1  1.   0.7  6.6 40.7  4.6  9.3
  2.  50.5  3.8 73.6 42.2  5.1 16.5 22.8  1.  43.   6.9 14.   2.  33.7
 39.   0.9 16.7  3.3 17.2 40.1 11.7 11.6 10.9  3.8 34.2 29.1 11.9  8.5
  8.5  2.3  9.2  1.  33.2 67.  20.7 22.1 15.4 58.9 31.3  1.  84.9  0.7
  6.5  3.1 36.1  1.6 78.4 14.   6.5 36.8]","[46.3  3.3 16.5 12.3 11.2  2.   7.1 22.8  2.2 18.7 33.2  1.   6.5 11.9
  3.1  1.  30.8  0.   0.8 22.8 11.2  1.  33.7 10.9 14.  39.  29.1  1.5
  4.1  8.5  0.9  1.5  1.   9.3 31.3  1.3  0.5  1.  14.   0.6 11.7 84.9
  1.1 15.2  6.7  6.5  1.  87.4  8.4 43.  36.8 77.2 32.2 34.2  0.3  1.3
  0.  11.1 50.5 16.5  1.5 59.9  3.1 11.6 78.1  4.6  0.7  3.8 51.2  1.
  0.7  2.3  3.8 10.2 32.2 42.2 18.6  1.  43.9 15.4  1.   0.3 18.7 67.
  1.   9.8  3.4  6.1 40.4  5.1  2.1  9.5 34.7 16.7  2.2 65.7 45.5 19.1
  1.6 36.1 22.1 71.1  8.5  0.2  4.9 50.2 10.6 78.4 29.  55.9 73.6  3.5
  4.1  0.6  1.   9.6  1.  55.7  0.2  1.  47.   0.3 10.8  1.  54.6 17.2
  7.2 44.4  9.8  0.5  6.6  6.9 49.2 33.9  4.1  0.2 60.  71.9  0.3 19.8
 63.5 40.7  1.1  1.  20.5 61.3 16.8  0.  57.2 58.9  9.2 20.7  0.4 81.8
  1.8 14.4 18.3 40.1  8.5  0.9  2.  10.9]","[ 0.6 57.2 78.4  0.5  0.3  6.9 16.5 10.9  1.   0.4 50.5 14.   1.5 10.9
  1.3  1.   1.  40.4 34.2  1.   0.3  3.1  9.5  1.  18.7  4.6  8.5  1.
 15.4 10.8 32.2 11.1  3.3  2.  33.2 55.7 40.7  6.1 19.8  3.5 55.9  0.
 77.2 32.2 30.8  1.   8.5 71.9  0.   7.1  1.1  0.9 60.   0.7  4.9  0.7
 51.2 10.6  1.   4.1  1.  16.8  7.2  6.6 36.8 49.2 65.7 87.4  2.3  9.3
  1.  34.7 22.8 73.6 42.2  1.   2.2 81.8 11.2  4.1  1.  46.3 67.  61.3
  0.3 78.1 33.9 45.5 59.9  0.3  9.6 14.4 10.2  9.8  0.9 36.1  0.  43.9
  8.4  0.2 58.9  1.   1.  33.7 20.5  1.5  1.3  3.1 17.2 12.3  6.7 31.3
 63.5  5.1  1.  18.7 84.9 11.7  0.8  0.6  0.2  1.6 11.9 39.  14.  44.4
 16.7  1.8  0.2 22.8  3.8  2.  29.1 29.   1.5  3.8  9.8  0.5 43.  50.2
 16.5  6.5 71.1  1.1 19.1 18.3  6.5 22.1 40.1 54.6 18.6 15.2 11.2  8.5
  4.1  2.1 11.6  9.2  2.2 47.   3.4 20.7]","[16.7  0.6  1.1  8.5  7.2 16.8  3.1 16.5 55.7 43.   1.8  3.4 67.  18.7
  2.2 49.2  0.5 10.9  6.6  1.  15.2 11.1 11.7 29.  20.5 17.2 81.8 42.2
  1.  36.1 10.9  0.7 19.1  0.2  4.6  3.8  4.1 84.9 11.6 11.2 73.6 33.7
  0.2  6.9  2.   1.  22.1 61.3 40.1  0.4  4.1  6.5 78.4 32.2  1.3  1.5
  8.4  2.3  0.   1.5  0.3  9.3 22.8 34.7 44.4  1.  10.8 71.1  1.  10.2
 39.  50.5 43.9 58.9 29.1  9.8 33.9 34.2  0.6  1.  19.8  1.3  0.5  1.6
  8.5  1.  14.4  9.5  2.1  0.  46.3 33.2 50.2  0.8 57.2 78.1 18.7  2.2
 16.5  3.1 11.2  1.   9.8 31.3 55.9  9.2  1.  54.6  1.5 59.9 63.5 40.4
  0.2  1.   0.9 45.5  6.1 12.3 71.9  3.3 10.6  2.   0.7 18.3  4.1  3.8
  1.1  3.5 36.8  5.1 47.   0.3 20.7 22.8  1.   1.   1.  65.7 11.9  0.9
  0.  60.  18.6  1.   8.5  6.7 14.   4.9  1.  15.4 87.4 51.2  7.1 30.8
 77.2  9.6 14.   0.3  0.3 40.7  6.5 32.2]","[20.5  1.3  1.5 84.9  1.3 29.1 42.2 12.3 36.1  0.3 16.7 45.5  9.8  1.
  3.3  1.  46.3  9.8  1.   3.5  0.   1.   1.6 73.6 14.   4.1 78.4  6.6
  3.8  8.5 36.8 31.3 50.5 33.9  0.9 11.2 10.9  0.9  1.   4.9  9.3  2.2
 34.7 11.7 44.4  0.2  9.5  6.5 32.2  0.2 11.6  0.   1.  71.1 22.8 16.5
  1.   3.4 55.9  1.1 55.7 34.2  1.5  1.  15.2 18.7 16.5 19.8  5.1  9.2
 16.8 54.6  8.5 71.9 67.  40.7 10.6  4.6  8.5 10.2  0.6  1.   1.   1.
  0.5  0.7  2.  10.8 65.7 30.8 11.9  6.5 57.2  0.3  3.1  0.3 63.5 14.
  1.  51.2  6.1 18.3  0.6  4.1  7.1  2.1 47.  33.2 15.4 78.1 43.9  3.8
 20.7 22.1 10.9 18.6 39.   2.  19.1 11.1  0.   0.4 81.8 58.9 50.2 17.2
  2.3 87.4  1.1 29.  43.   0.5  9.6 14.4  3.1 40.1 11.2  1.   7.2 40.4
 18.7  0.3  1.5 77.2  6.7  6.9  0.8  1.  59.9  2.2  1.8  0.7 60.  33.7
 22.8 61.3  8.4  1.   0.2  4.1 49.2 32.2]","[20.7 34.7 18.7  8.5 73.6  9.6  1.  55.7  1.  11.1 81.8  0.4  9.3 19.1
  0.3 58.9  0.2 43.9 46.3  1.6  0.9 40.7  3.5  1.   3.1 10.2  9.8 17.2
  2.3 60.   4.9  8.4 10.8  0.6 78.4 10.6  0.7 11.2  1.  43.   1.   4.1
 31.3  0.7 39.  22.8  0.5  0.  40.4 16.7 65.7  1.  33.7  2.   0.3  6.5
 15.4  8.5  0.3 12.3  7.2  6.9  0.5  1.  29.1 50.5 11.6 19.8  9.8 57.2
  1.3 67.  10.9  1.1 33.9  2.   1.  14.   0.  36.1 77.2 16.5 11.7  6.6
  0.6 71.1  2.1  2.2  8.5 11.2  0.9 78.1  6.1  0.2  1.1  7.1 11.9 47.
 18.6  1.5  0.8  5.1  6.5 49.2  1.  16.5 84.9 54.6  1.  45.5  0.   1.
 22.1 42.2 14.  30.8 20.5  6.7  9.2 55.9  3.8 63.5  4.1 10.9 18.3  3.8
 87.4  4.6 36.8 71.9  1.3  3.3  9.5  4.1 16.8  1.  15.2 34.2 29.  40.1
 22.8 32.2  3.1 44.4  3.4 33.2  1.5 50.2  0.2  1.8  2.2 59.9  0.3 14.4
 32.2 18.7  1.   1.5  1.   1.  61.3 51.2]","[60.  50.2 43.   8.5  4.1 18.7 33.7  0.6 78.1 18.7  1.6  9.3  8.4  1.1
 33.2 59.9  1.   2.2 16.5 29.1 18.3  8.5 44.4  6.5 11.7 20.5 10.9  4.1
  1.1  4.1  0.2 49.2 63.5 65.7 87.4  1.   3.4  0.7 18.6 57.2 42.2  3.3
  1.   0.3  3.8  2.   1.   6.5 19.1  0.  46.3 36.1 84.9  1.   1.3  2.3
  7.1  2.2 20.7 40.1 47.   6.6  1.5  6.1  7.2  5.1 32.2 10.8  1.3 31.3
  1.5  1.  17.2 10.2 71.1  0.3  9.8  0.5 16.7 11.2  0.  45.5 11.1  1.5
  0.3 15.2  9.2 11.9 34.7  3.8  0.9 78.4  6.9 77.2 29.   3.5 43.9 10.9
 11.6 22.8 32.2 16.8 34.2  2.1 39.   0.7 30.8  0.8  1.   6.7  1.   4.6
 22.1  1.   1.   1.   0.3  9.8  0.  12.3  4.9 11.2  1.  58.9  0.2 55.7
  8.5  0.9 54.6 19.8  0.4 51.2 10.6  9.5 14.4 55.9 81.8  3.1  1.  22.8
 14.  15.4 73.6 61.3  2.  67.   1.8 33.9 40.7  0.5  0.6 50.5  9.6  3.1
  0.2 14.  16.5 36.8 40.4  1.  71.9  1. ]","[ 0.3 34.7 10.9  8.5  1.  46.3 49.2 43.   0.3 30.8 16.5  1.3  8.5  1.
 29.1  0.3 40.4  4.1 60.   0.7 40.7 19.8 18.7  7.1  1.  31.3 55.9 16.7
 87.4  0.2  1.   8.4  1.5  6.7  6.9 20.5 16.8 15.4  1.  10.2  3.8 71.1
 11.9  9.8  1.   9.2  0.   9.6 14.4  4.1  1.1  8.5  1.  18.7  1.6 34.2
  9.5  2.3 10.6  0.9 58.9 17.2 12.3  1.8 59.9  0.2  0.  11.2 18.6  4.1
 18.3  0.2  0.3 15.2 36.1 50.5 63.5 11.6  2.   5.1  0.6 50.2  6.5  6.5
 16.5  0.5 78.1 65.7  1.  61.3 78.4  0.7  4.6 33.7 54.6 47.  10.9 22.8
 40.1 11.7 11.2 55.7 51.2  1.5  3.1 22.8 81.8 22.1 11.1 44.4  3.5 14.
 39.  77.2  1.   6.6  2.1  7.2 33.9 32.2  1.  43.9  1.3  1.  33.2  3.3
  3.1  0.9  9.3 20.7 10.8 57.2  6.1  1.  14.   2.  45.5 36.8  1.   1.5
  1.   0.6  3.8  3.4  1.  73.6 67.   0.5  0.4 71.9  2.2 32.2  0.8  9.8
  1.1  2.2 84.9  0.  29.  42.2 19.1  4.9]","[15.2 29.1  6.5 15.4 57.2  0.2 40.7 36.8 22.1 63.5  9.5  1.5 49.2 42.2
  5.1 18.7 32.2  6.1  1.   1.  54.6 65.7  0.2  0.2 16.5  3.3  4.1 40.1
  2.2 55.7  6.7 33.9  0.7 71.1 45.5  0.5  1.   3.8  6.9  1.6 33.2 43.
  3.5 61.3  9.3 44.4  3.1 10.6 11.9 47.   0.8 14.4 22.8 10.9 18.7 50.5
  0.6 11.7  1.   9.8  1.5 71.9 58.9  1.3  0.3  0.   2.1  2.  60.   0.9
 17.2  8.5  0.3  9.8 10.2  8.5 81.8  7.2  0.   3.8  8.5 16.5  4.9 84.9
  1.1  1.   1.   2.2 33.7 34.7 11.1 55.9 43.9  1.  12.3  2.  78.1 34.2
 14.  78.4  8.4 18.6  0.5 31.3  0.  77.2 51.2  1.   0.4  1.   1.3 39.
 46.3  4.6 14.  19.8 59.9 20.7  7.1  6.6 16.8  6.5 18.3 11.6 10.9  9.2
 10.8  1.  87.4 36.1 40.4  0.6 29.   0.7  1.   3.4  9.6  1.1  3.1  1.8
  1.5 19.1  2.3  0.3  4.1 11.2 73.6 50.2 16.7  4.1  0.9 11.2 30.8 22.8
  1.  20.5  0.3  1.  32.2  1.  67.   1. ]","[ 4.1  1.  18.7  9.8  1.  10.6 36.1 20.7 20.5  2.2 71.1  1.   1.  18.6
  6.1 10.9  6.5  1.8 15.2  6.5 42.2  0.3  7.2 40.7 49.2 81.8  0.   3.1
 33.2  0.  50.5 43.  16.8 11.9  0.7  0.6  1.  18.7  0.2  2.3  8.4  0.3
  9.5 65.7  1.3 34.7 11.6 11.2 63.5  0.2 14.  16.7 47.  29.   0.8  7.1
  0.3 40.4 32.2 19.8 30.8  1.  34.2 84.9 60.   9.8 61.3  1.  22.1 55.9
  1.   4.1 31.3 40.1  1.5 10.2 58.9  0.3 51.2 29.1 67.   0.5  0.6 16.5
 11.7  0.2  0.5 22.8  8.5 39.   4.9 59.9  4.6 16.5 55.7  3.3  0.7 57.2
  1.1  3.1 87.4 45.5  1.3  2.  15.4  2.  78.1  1.   1.5  5.1 44.4  4.1
  0.4  1.5  1.  78.4 19.1 10.9  8.5  1.1 73.6  6.9 43.9 10.8 33.9  8.5
  2.2  1.   6.6 11.2  3.4 71.9  3.5 14.4  1.   9.3 18.3  1.   0.9 77.2
 17.2  1.   3.8 22.8  1.   2.1  3.8  1.6  9.2 11.1  6.7  0.   0.9  9.6
 50.2 32.2 36.8 12.3 46.3 54.6 14.  33.7]"
